-14027.34255
18681.47474
24867.72479
23837.60935
-388637.9164
-94756.55621
1.34E+06
3.45E+06
5.39E+06
7.06E+06
8.05E+06
7.98E+06
8.03E+06
8.45E+06
8.82E+06
8.72E+06
8.38E+06
7.78E+06
1.06E+07
1.46E+07
1.70E+07
1.62E+07
1.32E+07
8.86E+06
4.64E+06
4.61E+06
6.33E+06
8.19E+06
9.26E+06
1.05E+07
1.08E+07
1.02E+07
9.08E+06
7.85E+06
6.97E+06
6.53E+06
6.40E+06
5.86E+06
5.33E+06
5.02E+06
4.92E+06
4.83E+06
4.68E+06
4.45E+06
4.21E+06
4.02E+06
3.87E+06
3.71E+06
3.84E+06
4.27E+06
4.96E+06
5.40E+06
5.35E+06
5.13E+06
4.94E+06
5.87E+06
7.80E+06
9.47E+06
9.72E+06
8.40E+06
6.21E+06
3.89E+06
2.62E+06
2.41E+06
2.47E+06
2.49E+06
2.42E+06
2.36E+06
2.34E+06
2.34E+06
2.35E+06
2.34E+06
2.31E+06
2.25E+06
2.23E+06
2.25E+06
2.31E+06
2.39E+06
2.42E+06
2.38E+06
2.29E+06
2.21E+06
2.14E+06
2.08E+06
2.06E+06
2.04E+06
2.00E+06
1.97E+06
1.93E+06
1.89E+06
1.84E+06
1.82E+06
1.81E+06
1.81E+06
1.82E+06
1.82E+06
1.82E+06
1.80E+06
1.78E+06
1.75E+06
1.72E+06
1.69E+06
1.68E+06
1.68E+06
1.68E+06
1.68E+06
1.67E+06
1.67E+06
1.67E+06
1.67E+06
1.66E+06
1.66E+06
1.64E+06
1.63E+06
1.62E+06
1.61E+06
1.60E+06
1.60E+06
1.60E+06
1.60E+06
1.60E+06
1.60E+06
1.60E+06
1.59E+06
1.60E+06
1.64E+06
1.72E+06
1.81E+06
1.88E+06
1.90E+06
1.84E+06
1.76E+06
1.68E+06
1.63E+06
1.61E+06
1.62E+06
1.61E+06
1.59E+06
1.58E+06
1.57E+06
1.57E+06
1.57E+06
1.57E+06
1.57E+06
1.57E+06
1.58E+06
1.59E+06
1.60E+06
1.62E+06
1.62E+06
1.63E+06
1.63E+06
1.63E+06
1.63E+06
1.63E+06
1.62E+06
1.62E+06
1.62E+06
1.62E+06
1.62E+06
1.63E+06
1.63E+06
1.62E+06
1.61E+06
1.60E+06
1.60E+06
1.60E+06
1.60E+06
1.61E+06
1.61E+06
1.62E+06
1.63E+06
1.64E+06
1.65E+06
1.65E+06
1.67E+06
1.71E+06
1.76E+06
1.88E+06
2.05E+06
2.28E+06
2.49E+06
2.64E+06
2.67E+06
2.53E+06
2.31E+06
2.08E+06
1.92E+06
1.83E+06
1.82E+06
1.85E+06
1.87E+06
1.89E+06
1.91E+06
1.92E+06
1.93E+06
1.95E+06
1.96E+06
1.98E+06
1.99E+06
2.01E+06
2.03E+06
2.03E+06
2.04E+06
2.04E+06
2.04E+06
2.03E+06
2.03E+06
2.01E+06
1.97E+06
1.92E+06
1.84E+06
1.72E+06
1.60E+06
1.48E+06
1.36E+06
1.27E+06
1.21E+06
1.15E+06
1.10E+06
1.07E+06
1.04E+06
1.02E+06
1.01E+06
1.01E+06
1.04E+06
1.05E+06
1.16E+06
1.40E+06
1.71E+06
2.42E+06
3.50E+06
4.80E+06
6.31E+06
7.79E+06
9.03E+06
9.16E+06
8.41E+06
6.90E+06
4.84E+06
2.96E+06
1.62E+06
1.04E+06
687062.4062
593500.0089
654812.2028
646499.4031
643124.7024
641593.557
638031.161
633530.9287
630437.5041
629562.5792
626812.6749
623156.7672
615500.4865
608063.4009
596688.1081
582469.1655
568625.2411
556906.1757
547812.3551
538624.7414
533281.2546
526843.9992
519812.8236
513000.5791
508312.7792
503562.7165
498312.3976
496093.531
491874.9694
487500.0516
482531.2418
477562.5197
472562.6219
468718.7062
464937.554
460531.1198
456124.6182
453905.3274
451686.6429
451374.5729
452656.3091
451375.3744
450719.0248
450531.4179
450718.8607
449343.7844
447875.2053
445687.9109
440969.1158
437406.6533
434375.435
427875.6728
422844.0917
417500.2535
411687.848
408525.2712
407984.5899
406918.8332
404284.2101
402899.6542
399465.5547
396487.7693
394215.7834
392325.0232
390668.7742
390009.2863
389299.9987
389325.0525
390259.3554
389521.5027
389062.1129
388268.7188
388153.5507
386088.1029
384825.4824
384825.3846
383065.7173
381653.337
380606.7593
380213.2745
377678.5852
375365.6529
372993.5452
368749.6841
365937.2602
363640.5794
362537.3997
362312.3211
360640.6196
359984.3065
358859.6045
358259.6763
356450.2471
354799.9482
354668.6014
353018.4322
352283.7356
351549.2942
351077.4797
348646.3892
346255.9087
344668.6253
342599.8713
340890.5681
339512.018
339512.0169
338458.847
336783.9685
334546.6298
332524.5808
331621.4453
331271.1018
330977.1862
330561.5322
329049.5844
327690.438
326934.4579
326494.1181
325481.6134
324993.809
325590.6591
324287.34
323896.3184
323927.4937
322918.1737
322471.363
323496.4828
324593.8422
323562.4543
322115.6631
320297.1973
317650.3612
315600.1554
313034.1617
311574.7351
309974.5207
308099.8385
306496.8609
304990.5587
303184.2487
301693.3973
302112.1824
302256.203
302428.4846
302509.5234
302618.7671
303200.0174
303156.1105
304271.7205
302696.7826
301318.938
299731.154
297093.4674
294996.8372
292703.0445
291921.993
289993.8524
289184.7537
289006.4672
286981.4696
285025.3727
283903.568
282181.4945
281647.0178
281209.6538
281743.7422
281455.9567
281165.0847
281083.9081
279699.7391
279409.4002
278275.2189
277300.0172
276949.9814
276750.0115
275875.0855
273972.2287
271959.5262
270125.232
268969.0299
267937.9028
267116.2135
266297.3223
264684.6683
264015.7765
264240.8719
264350.2526
263912.5972
264184.2852
264490.3648
264568.2772
265630.7127
265540.1782
265559.1429
266931.1514
268037.6521
269281.6058
271015.8738
271631.1855
271296.4881
270702.6455
269483.8286
266430.8654
263859.3624
261575.1466
258971.9288
256968.7909
255887.519
255299.9138
255474.9068
255740.6986
254924.8722
253930.9989
250709.1276
248799.6925
247583.9925
247890.5756
248593.9144
248684.6336
248934.5517
248331.1813
249256.0728
250806.0862
252484.2293
253921.7932
254915.5002
255021.6547
254671.6548
254619.0617
254328.5749
253119.0047
251487.8124
248612.4386
244693.2875
240552.4499
237252.8422
233659.0291
231534.2735
230169.1911
230097.6156
230497.4647
231753.4628
234240.7001
235958.9508
238618.1415
241083.8087
245599.6455
249431.2042
252237.7051
254437.7433
256715.9429
258716.0879
260225.6135
260816.0489
259812.5174
256621.4511
250921.2454
244752.3159
238580.5588
233378.2428
227969.2675
223803.4393
221147.0319
218659.3409
217027.8822
216059.1841
216131.7067
214934.9592
214109.6237
212646.6764
211868.3142
211227.776
210384.0784
210878.1302
210053.4265
209206.3268
207287.1543
206812.2754
205381.28
203496.6656
202140.4501
200128.0102
197749.8019
195696.6984
193940.5575
191171.9305
187903.1598
184515.5834
181887.3039
179428.2987
178478.5148
177400.2492
177746.7289
179131.2198
181556.2799
185693.7185
191140.6671
198543.6038
206102.9391
213740.37
221190.6397
226950.0628
231665.779
235206.6063
236597.1786
236687.6041
235250.163
231737.5948
225874.873
218543.7866
210722.1116
200287.6164
190993.45
182324.7633
174346.6323
167468.7203
162734.4596
160578.4099
158656.3441
159184.4509
158997.2111
158606.4603
156809.6408
155274.9903
152843.6988
151118.5161
150459.1936
150262.5135
149678.0457
149237.2951
148074.6515
145865.4186
144396.6536
142659.1211
142905.8339
142989.8126
143917.7527
143239.8867
142393.4903
141337.3943
139234.5342
138650.3392
138337.4739
138409.4848
138056.5329
137856.7532
137456.28
136434.2983
136593.669
136637.1919
136206.051
136449.9088
135931.1017
136402.5491
136424.3614
137043.1974
136896.3584
136677.658
137918.3535
139287.0839
140734.1853
141800.085
142475.4437
143006.7594
142531.5303
142565.5261
143174.774
142012.2308
140574.7665
138899.6324
137849.9663
135515.4142
133609.3249
132915.7535
131975.1469
131728.4059
131812.6457
132165.9693
132056.35
131981.0248
132487.2671
132637.2313
132687.4995
132409.5011
133025.2929
132287.9655
132209.6951
131878.7217
131216.0585
130640.8488
130377.6912
130514.7848
129589.7329
129508.8616
128890.7012
128703.5473
128669.4645
127678.6379
126787.6265
126087.1388
125068.2628
124630.9992
124212.3007
123818.9638
123303.391
123725.1761
124018.8506
124028.1458
124950.093
125112.6179
126206.5714
127475.3922
128356.7791
129660.1396
130550.3754
130987.7233
130953.1883
131309.1684
131500.0145
131131.7299
131434.8241
130543.9566
128612.7023
126987.4927
125506.0121
124390.3075
123084.1747
122033.8895
121224.6698
120002.8514
119621.7905
119896.9381
119996.9943
119668.8383
119597.0276
119665.8741
119453.3778
119431.6667
119646.9435
119552.9844
118909.0409
118687.1658
117768.2754
117618.1546
117246.5335
116846.3292
116165.1919
115896.616
115849.9698
115103.1438
115131.3308
114934.5899
114109.3462
113840.6241
114715.8187
114828.1152
114615.5725
114781.5942
114743.9123
114112.4725
113762.3254
113343.5348
112564.998
112624.6155
112906.2935
113397.0382
114166.0715
114087.9841
113203.419
112859.6263
112459.5319
111915.4359
111434.1781
111646.9125
111743.8485
111228.1326
111503.2587
111618.6884
111546.5316
110977.6382
110931.1162
110981.0881
109775.1488
108715.6783
108353.371
107503.0599
107662.2847
107478.1497
107850.1927
107325.5847
106472.2114
106700.3415
106771.6876
107165.4539
106412.2532
106371.7755
105903.1954
105406.1106
104874.8379
105015.3825
104781.1241
104234.4844
103122.215
102190.7953
101662.373
100337.0189
100239.883
100380.4072
100443.1574
100424.6393
100534.1492
100393.8314
100356.4575
99943.96847
98959.58173
97628.08807
96359.36052
95128.2609
94134.53437
93822.05093
93318.71311
92459.07025
91093.34113
90221.71412
89522.15385
89181.61747
88765.89624
88706.40299
88618.66563
88459.27447
88121.94397
87709.61755
88071.96236
87600.09897
87415.65376
87115.35421
86487.15557
84806.18647
83840.58288
83799.97773
83984.50915
84081.36982
83787.01731
83464.95334
83130.61674
82521.52136
82531.16817
82387.70876
81659.85769
80603.2962
79981.31494
78790.63625
77137.35606
75133.96532
72868.6538
70987.39938
69143.68663
67821.55836
66249.69853
65361.89743
63905.62191
63046.82248
61902.88812
61059.11136
59990.18754
58787.06102
57652.88891
56456.02235
55137.52278
53546.57916
52346.25631
50586.96763
48696.43851
46849.90559
45480.05356
44181.76433
42715.59504
41813.22042
40955.73803
40611.78563
40173.18614
40190.52005
40323.14021
40124.66217
40188.47343
40026.05411
40423.02817
41065.5382
41922.086
42932.64181
44149.0124
44831.06089
45022.0068
45259.58132
45424.98425
45196.68601
44906.19465
44482.51421
43620.18438
42375.30184
41382.25136
39803.09846
38728.31224
36839.49936
34547.47325
32105.77424
29603.68481
27176.4858
24444.62485
22741.20088
20442.79359
18372.6757
16821.06567
15761.2536
14675.38093
14035.72714
13830.0932
13403.15873
13034.31379
12728.7295
12562.31812
12399.55605
12387.87359
12335.67832
11992.75833
11689.77041
11178.2934
10948.82042
10699.54377
10566.73346
10658.89252
10800.91878
10988.22382
10767.58233
10509.53675
10149.4649
9739.62264
9554.43996
9463.1997
9390.23982
9356.23375
9245.9656
9281.95836
9175.44004
9137.57136
9062.23632
9046.57191
9093.0041
8961.64284
8799.56203
8852.69541
8879.69051
8931.93521
8966.68562
8921.65685
8936.01719
8874.98327
8979.48612
8994.64193
8904.13096
8859.50069
8831.41186
9013.39774
9092.17659
9225.16362
9243.96226
9130.36481
9120.19902
9137.43514
9252.72356
9328.93851
9237.67214
9073.77441
8725.48548
8332.97427
8076.2389
7939.60908
7768.26699
7552.46687
7456.63729
7175.89297
7000.47506
6904.83269
6794.44918
6560.08503
6430.19388
6320.07054
6242.18951
6287.59534
6244.2211
6260.33006
6336.70216
6304.69944
6291.38959
6192.2286
6136.48084
5926.57287
5845.62703
5856.10652
5736.54553
5756.95749
5613.06469
5484.6694
5518.76627
5644.3054
5724.84671
5835.86662
5894.8859
5770.8284
5571.85721
5615.43275
5646.14443
5742.15666
5764.07224
5771.65928
5742.49131
5637.92536
5597.50393
5603.88492
5694.90226
5715.98782
5802.98242
5674.86398
5459.55947
5168.87636
5018.40255
4834.17769
4791.83363
4703.76609
4542.40581
4419.55816
4236.06365
4176.33889
4057.53564
4000.32236
3894.45038
3840.13028
3836.15399
3775.86856
3772.87414
3749.4625
3691.94222
3536.15063
3540.55971
3460.52061
3460.68094
3488.19334
3545.74088
3589.83643
3550.37695
3576.51883
3416.477
3386.5428
3315.06364
3254.0406
3211.55486
3263.6823
3326.75659
3243.73744
3261.59818
3199.69178
3030.27307
2940.68311
2935.57326
2937.61549
2916.31576
2947.4663
2936.30878
2877.03858
2918.34486
2838.5364
2819.80106
2840.39834
2809.04571
2766.99088
2714.68573
2683.02081
2639.72278
2634.99532
2615.22761
2617.8456
2601.88988
2545.92022
2539.84743
2562.6782
2492.47847
2461.0625
2496.21318
2516.31173
2487.68305
2510.78476
2480.7194
2407.61211
2390.65171
2377.31135
2320.08213
2243.43987
2255.86387
2225.041
2170.38869
2140.15202
2141.81944
2063.51948
2024.40977
2044.92626
2117.90738
2124.693
2039.70911
2036.74607
1888.39168
1844.75131
1815.6947
1925.32143
1979.89318
1930.81817
1870.46195
1749.49861
1741.97592
1726.69471
1734.27077
1767.08402
1764.96545
1699.83823
1718.08628
1732.47778
1763.06583
1786.74105
1766.46224
1727.32294
1662.71341
1624.16738
1549.32845
1552.34942
1563.74721
1544.86036
1533.80299
1570.65781
1555.12774
1495.58085
1448.95304
1397.06321
1365.38573
1353.878
1398.93192
1502.75866
1517.40139
1508.19165
1527.17568
1552.53473
1490.5467
1462.66055
1509.07803
1455.16409
1373.20388
1354.41258
1342.14642
1283.055
1243.20309
1199.59045
1215.88715
1194.96008
1201.69591
1217.81308
1278.85458
1256.71891
1193.49494
1201.88758
1159.22334
1107.54613
1093.34523
1139.60084
1114.84526
1096.85721
1113.66768
1154.62769
1135.52633
1139.96056
1141.02538
1027.20276
1040.69952
1029.76937
1031.18896
1032.27485
1053.27091
1052.45663
1023.46223
1023.59699
978.55792
949.20643
916.77508
906.25943
899.57289
917.44396
929.39566
958.39143
1005.20028
1012.73896
988.22413
935.14489
932.13971
970.71628
975.55331
1026.1682
1072.72161
1055.33841
991.35521
948.26831
894.35893
846.12483
831.09934
831.5621
817.47508
841.98588
871.73392
923.02487
944.16782
914.93334
892.26118
844.1942
847.04232
847.16768
838.2002
822.64963
783.87821
824.64524
866.30396
911.51984
949.78345
908.44111
866.89099
815.30291
799.11639
777.92664
828.56808
810.81759
780.43234
776.97875
764.71267
747.02359
741.7884
783.59577
815.19694
746.72825
594.54727
367.1315
155.85086
-3.99823
-67.26834
0
0
0
0
0
0
0
0
0
0
0
0
0
0
0
0
0
0
0
0
0
0
0
0
0
0
0
0
0
0
0
0
0
0
0
0
0
0
0
0
0
0
0
0
0
0
0
0
0
0
0
0
0
0
0
0
0
0
0
0
0
0
0
0
0
0
0
0
0
0
0
0
0
0
0
0
0
0
0
0
0
0
0
0
0
0
0
0
0
0
0
0
0
0
0
0
0
0
0
0
0
0
0
0
0
0
0
0
0
0
0
0
0
0
0
0
0
0
0
0
0
0
0
0
0
0
0
0
0
0
0
0
0
0
0
0
0
0
0
0
0
0
0
0
0
0
0
0
0
0
0
0
0
0
0
0
0
0
0
0
0
0
0
0
0
0
0
0
0
0
0
0
0
0
0
0
0
0
0
0
0
0
0
0
0
0
0
0
0
0
0
0
0
0
0
0
0
0
0
0
0
0
0
0
0
0
0
0
0
0
0
0
0
0
0
0
0
0
0
0
0
0
0
0
0
0
0
0
0
0
0
0
0
0
0
0
0
0
0
0
0
0
0
0
0
0
0
0
0
0
0
0
0
0
0
0
0
0
0
0
0
0
0
0
0
0
0
0
0
0
0
0
0
0
0
0
0
0
0
0
0
0
0
0
0
0
0
0
0
0
0
0
0
0
0
0
0
0
0
0
0
0
0
0
0
0
0
0
0
